1
5
7
11
13
15
19
22
24
27
29
31
35
37
39
42
45
47
49
51
53
55
58
59
61
63
66
68
71
73
75
77
79
81
83
85
87
89
91
93
94
95
98
99
101
103
105
107
108
110
111
113
115
116
118
119
121
122
123
125
126
127
127
130
132
134
135
137
139
141
142
143
145
147
149
150
151
153
155
155
157
158
159
161
163
164
165
167
168
169
171
172
173
174
175
176
177
179
180
181
182
183
183
185
185
186
187
187
188
189
190
190
191
191
191
193
194
195
196
197
198
198
199
199
200
201
201
202
202
203
203
203
204
204
204
204
205
205
205
205
205
206
206
206
206
206
206
206
206
206
206
206
207
205
204
202
201
200
200
198
198
197
196
196
195
194
194
193
193
193
192
192
192
192
191
190
189
188
187
187
186
185
185
184
184
183
183
182
182
181
181
180
180
180
179
179
179
178
178
178
177
177
177
177
177
176
176
176
176
176
176
176
175
175
174
174
173
173
173
172
172
172
172
171
171
171
171
170
170
170
170
170
170
169
169
169
169
169
169
169
169
169
169
168